1840.0
1840.0
1840.0
1840.0
1840.0
1840.0
1840.0
1840.0
1840.0
1840.0
1840.0
1840.0
1840.0
1840.0
1840.0
1840.0
1840.0
1840.0
1840.0
1840.0
1840.0
1840.0
1840.0
1840.0
1840.0
1840.0
1840.0
1840.0
1840.0
1840.0
1840.0
1840.0
1840.0
1840.0
1840.0
1840.0
1840.0
1840.0
1840.0
1840.0
1840.0
1840.0
1840.0
1840.0
1840.0
1840.0
1840.0
1840.0
1840.0
1840.0
1840.0
1840.0
1840.0
1840.0
1840.0
1840.0
1840.0
1840.0
1840.0
1840.0
1840.0
1840.0
1840.0
1840.0
1840.0
1840.0
1840.0
1840.0
1840.0
1840.0
1840.0
1840.0
1840.0
1840.0
1840.0
1840.0
1840.0
1840.0
1840.0
1840.0
1840.0
1840.0
1840.0
1840.0
1840.0
1840.0
1840.0
1840.0
1840.0
1840.0
1840.0
1840.0
1840.0
1840.0
1840.0
1840.0
1840.0
1840.0
1840.0
1840.0
1840.0
1840.0
1840.0
1840.0
1840.0
1840.0
1840.0
1840.0
1840.0
1840.0
1840.0
1840.0
1840.0
1840.0
1840.0
1840.0
1840.0
1840.0
1840.0
1840.0
1840.0
1840.0
1840.0
1840.0
1840.0
1840.0
1840.0
1840.0
1840.0
1840.0
1840.0
1840.0
1840.0
1840.0
1840.0
1840.0
1840.0
1840.0
1840.0
1840.0
1840.0
1840.0
1840.0
1840.0
1840.0
1840.0
1840.0
1840.0
1840.0
1840.0
1840.0
1840.0
1840.0
1840.0
1840.0
1840.0
1840.0
1840.0
1840.0
1840.0
1840.0
1840.0
1840.0
1840.0
1840.0
1840.0
1840.0
1840.0
1840.0
1840.0
1840.0
1840.0
1840.0
1840.0
1840.0
1840.0
1840.0
1840.0
1840.0
1840.0
1840.0
1840.0
1840.0
1840.0
1840.0
1840.0
1840.0
1840.0
1840.0
1840.0
1840.0
1840.0
1840.0
1840.0
1840.0
1840.0
1840.0
1840.0
1840.0
1840.0
1840.0
1840.0
1840.0
1840.0
1840.0
1840.0
1840.0
1840.0
1840.0
1840.0
1840.0
1840.0
1840.0
1840.0
1840.0
1840.0
1840.0
1840.0
1840.0
1840.0
1840.0
1840.0
1840.0
1840.0
1840.0
1840.0
1840.0
1840.0
1840.0
1840.0
1840.0
1840.0
1840.0
1840.0
1840.0
1840.0
1840.0
1840.0
1840.0
1840.0
1840.0
1840.0
1840.0
1840.0
1840.0
1840.0
1840.0
1840.0
1840.0
1840.0
1840.0
1840.0
1840.0
1840.0
1840.0
1840.0
1840.0
1840.0
1840.0
1840.0
1840.0
1840.0
1840.0
1840.0
1840.0
1840.0
1840.0
1840.0
1840.0
1840.0
1840.0
1840.0
1840.0
1840.0
1840.0
1840.0
1840.0
1840.0
1840.0
1840.0
1840.0
1840.0
1840.0
1840.0
1840.0
1840.0
1840.0
1840.0
1840.0
1840.0
1840.0
1840.0
1840.0
1840.0
1840.0
1840.0
1840.0
1840.0
1840.0
1840.0
1840.0
1840.0
1840.0
1840.0
1840.0
1840.0
1840.0
1840.0
1840.0
1840.0
1840.0
1840.0
1840.0
1840.0
1840.0
1840.0
1840.0
1840.0
1840.0
1840.0
1840.0
1840.0
1840.0
1840.0
1840.0
1840.0
1840.0
1840.0
1840.0
1840.0
1840.0
1840.0
1840.0
1840.0
1840.0
1840.0
1840.0
1840.0
1840.0
1840.0
1840.0
1840.0
1840.0
1840.0
1840.0
1840.0
1840.0
1840.0
1840.0
1840.0
1840.0
1840.0
1840.0
1840.0
1840.0
1840.0
1840.0
1840.0
1840.0
1840.0
1840.0
1840.0
1840.0
1840.0
1840.0
1840.0
1840.0
1840.0
1840.0
1840.0
1840.0
1840.0
1840.0
1840.0
1840.0
1840.0
1840.0
1840.0
1840.0
1840.0
1840.0
1840.0
1840.0
1840.0
1840.0
1840.0
1840.0
1840.0
1840.0
1840.0
1840.0
1840.0
1840.0
1840.0
1840.0
1840.0
1840.0
1840.0
1840.0
1840.0
1840.300049
1842.300049
1842.300049
1842.300049
1842.500000
1842.500000
1842.900024
1843.900024
1845.300049
1845.400024
1845.400024
1845.199951
1845.599976
1846.400024
1846.400024
1844.900024
1844.900024
1817.900024
1819.599976
1831.900024
1841.699951
1841.699951
1843.599976
1845.500000
1846.199951
1846.699951
1848.000000
1854.000000
1853.000000
1867.000000
1867.000000
1882.000000
1882.000000
1882.000000
1884.000000
1892.000000
1897.000000
1914.000000
1914.000000
1914.000000
1914.000000
1914.000000
1914.000000
1914.000000
1914.000000
1914.000000
1915.000000
1922.000000
1925.000000
1930.000000
1934.000000
1952.000000
1953.000000
1974.000000
1975.000000
1988.000000
2003.000000
2013.000000
2026.000000
2035.000000
2035.000000
2035.000000
2035.000000
2035.000000
2035.000000
2035.000000
2035.000000
2035.000000
2035.000000
2035.000000
2034.000000
2041.000000
2051.000000
2056.000000
2074.000000
1919.000000
1919.000000
1919.000000
1927.000000
1927.000000
1952.000000
1955.000000
1967.000000
1982.000000
1992.000000
1993.000000
1994.000000
1994.000000
2004.000000
2018.000000
2024.000000
2024.000000
2027.000000
2036.000000
2043.000000
2048.000000
2053.000000
2060.000000
2073.000000
2074.000000
2074.000000
2074.000000
2074.000000
2074.000000
2074.000000
2074.000000
2074.000000
2074.000000
2074.000000
2074.000000
2069.000000
2069.000000
2043.000000
2043.000000
2029.000000
2007.000000
2007.000000
2007.000000
2014.000000
2020.000000
2020.000000
2020.000000
2021.000000
2021.000000
2021.000000
2021.000000
2021.000000
2021.000000
2021.000000
2021.000000
2021.000000
2021.000000
2021.000000
2017.000000
2017.000000
2017.000000
2016.000000
2016.000000
2016.000000
2016.000000
2016.000000
2016.000000
2022.000000
2029.000000
2044.000000
2052.000000
2066.000000
2066.000000
2066.000000
2066.000000
2070.000000
2070.000000
2077.000000
2077.000000
2078.000000
2101.000000
2121.000000
2123.000000
2125.000000
2144.000000
2144.000000
2144.000000
2144.000000
2144.000000
2144.000000
2144.000000
2144.000000
2144.000000
2144.000000
2144.000000
2146.000000
2159.000000
2161.000000
2168.000000
2170.000000
2173.000000
2173.000000
2173.000000
2180.000000
2184.000000
2189.000000
2214.000000
2214.000000
2217.000000
2219.000000
2219.000000
2219.000000
2222.000000
2222.000000
2222.000000
2222.000000
2222.000000
2222.000000
2222.000000
2222.000000
2222.000000
2222.000000
2222.000000
2221.000000
2221.000000
2234.000000
2251.000000
2260.000000
2264.000000
2267.000000
2272.000000
2278.000000
2282.000000
2282.000000
2282.000000
2282.000000
2282.000000
2282.000000
2282.000000
2282.000000
2282.000000
2282.000000
2282.000000
2282.000000
2281.000000
2281.000000
2281.000000
2281.000000
2281.000000
2281.000000
2293.000000
2293.000000
2281.000000
2281.000000
2273.000000
2273.000000
2248.000000
2211.000000
2211.000000
2212.000000
2212.000000
2212.000000
2212.000000
2212.000000
2212.000000
2212.000000
2222.000000
2239.000000
2239.000000
2239.000000
2239.000000
2239.000000
2239.000000
2239.000000
2239.000000
2239.000000
2243.000000
2250.000000
2259.000000
2259.000000
2271.000000
2272.000000
2284.000000
2284.000000
2284.000000
2284.000000
2284.000000
2284.000000
2284.000000
2284.000000
2271.000000
2121.000000
2121.000000
2000.000000
2000.000000
2000.000000
2000.0
2000.0
2000.0
2000.0
2000.0
2000.0
2000.0

