1840
1840
1840
1840
1840
1840
1840
1840
1840
1840
1840
1840
1840
1840
1840
1840
1840
1840
1840
1840
1840
1840
1840
1840
1840
1840
1840
1840
1840
1840
1840
1840
1840
1840
1840
1840
1840
1840
1840
1840
1840
1840
1840
1840
1840
1840
1840
1840
1840
1840
1840
1840
1840
1840
1840
1840
1840
1840
1840
1840
1840
1840
1840
1840
1840
1840
1840
1840
1840
1840
1840
1840
1840
1840
1840
1840
1840
1840
1840
1840
1840
1840
1840
1840
1840
1840
1840
1840
1840
1840
1840
1840
1840
1840
1840
1840
1840
1840
1840
1840
1840
1840
1840
1840
1840
1840
1840
1840
1840
1840
1840
1840
1840
1840
1840
1840
1840
1840
1840
1840
1840
1840
1840
1840
1840
1840
1840
1840
1840
1840
1840
1840
1840
1840
1840
1840
1840
1840
1840
1840
1840
1840
1840
1840
1840
1840
1840
1840
1840
1840
1840
1840
1840
1840
1840
1840
1840
1840
1840
1840
1840
1840
1840
1840
1840
1840
1840
1840
1840
1840
1840
1840
1840
1840
1840
1840
1840
1840
1840
1840
1840
1840
1840
1840
1840
1840
1840
1840
1840
1840
1840
1840
1840
1840
1840
1840
1840
1840
1840
1840
1840.300049
1842.300049
1842.5
1842.900024
1845.300049
1845.400024
1845.599976
1846.400024
1844.900024
1819.599976
1841.699951
1843.599976
1846.199951
1848
1853
1867
1882
1884
1897
1914
1914
1914
1914
1915
1925
1934
1953
1975
2003
2026
2035
2035
2035
2035
2035
2034
2051
2074
1919
1927
1952
1967
1992
1994
2004
2024
2027
2043
2053
2073
2074
2074
2074
2074
2074
2069
2043
2029
2007
2014
2020
2021
2021
2021
2021
2021
2021
2017
2016
2016
2016
2022
2044
2066
2066
2070
2077
2078
2121
2125
2144
2144
2144
2144
2144
2146
2161
2170
2173
2180
2189
2214
2219
2219
2222
2222
2222
2222
2222
2221
2234
2260
2267
2278
2282
2282
2282
2282
2282
2282
2281
2281
2281
2293
2281
2273
2211
2212
2212
2212
2212
2239
2239
2239
2239
2239
2250
2259
2272
2284
2284
2284
2284
2121
2000
2000
2000
2000
2000
